# fn with cmdline args
# to print the mathematical tables
# from 1 to n (n>1)
# without using arays
mthfn() {
 if [[ $# -ne 1 ]]
 then
   printf "Wrong no. of elements\n" 
   return
 fi
 rows=$1 cols=10
 printf "              MULTIPLICATION TABLE\n"
 printf " x |"
 for ((j=1; j <= cols; j++))
 do
   printf "%5d" $j
 done
 printf "\n--------------------------"
 printf "%s\n" "-----------------------------"
 for((i=0; $i < $rows; i++))
 do
   row=$((i+1))
   printf "%2d |" $row
   for((j=1; $j <= $cols; j++))
   do
     column=$j;
     printf "%5d"  $((row*column))
   done
   printf "\n"
 done
 printf "\n"
}
mthfn 10
mthfn 10
mthfn 7
mthfn
mthfn 7 10
mthfn 15
# output:
#               MULTIPLICATION TABLE
#  x |    1    2    3    4    5    6    7    8    9   10
# -------------------------------------------------------
#  1 |    1    2    3    4    5    6    7    8    9   10
#  2 |    2    4    6    8   10   12   14   16   18   20
#  3 |    3    6    9   12   15   18   21   24   27   30
#  4 |    4    8   12   16   20   24   28   32   36   40
#  5 |    5   10   15   20   25   30   35   40   45   50
#  6 |    6   12   18   24   30   36   42   48   54   60
#  7 |    7   14   21   28   35   42   49   56   63   70
#  8 |    8   16   24   32   40   48   56   64   72   80
#  9 |    9   18   27   36   45   54   63   72   81   90
# 10 |   10   20   30   40   50   60   70   80   90  100
# 
#               MULTIPLICATION TABLE
#  x |    1    2    3    4    5    6    7    8    9   10
# -------------------------------------------------------
#  1 |    1    2    3    4    5    6    7    8    9   10
#  2 |    2    4    6    8   10   12   14   16   18   20
#  3 |    3    6    9   12   15   18   21   24   27   30
#  4 |    4    8   12   16   20   24   28   32   36   40
#  5 |    5   10   15   20   25   30   35   40   45   50
#  6 |    6   12   18   24   30   36   42   48   54   60
#  7 |    7   14   21   28   35   42   49   56   63   70
# 

# Wrong no. of elements (mthfn)
# Wrong no. of elements (mthfn 7 10)
# 
#               MULTIPLICATION TABLE
#  x |    1    2    3    4    5    6    7    8    9   10
# -------------------------------------------------------
#  1 |    1    2    3    4    5    6    7    8    9   10
#  2 |    2    4    6    8   10   12   14   16   18   20
#  3 |    3    6    9   12   15   18   21   24   27   30
#  4 |    4    8   12   16   20   24   28   32   36   40
#  5 |    5   10   15   20   25   30   35   40   45   50
#  6 |    6   12   18   24   30   36   42   48   54   60
#  7 |    7   14   21   28   35   42   49   56   63   70
#  8 |    8   16   24   32   40   48   56   64   72   80
#  9 |    9   18   27   36   45   54   63   72   81   90
# 10 |   10   20   30   40   50   60   70   80   90  100
# 11 |   11   22   33   44   55   66   77   88   99  110
# 12 |   12   24   36   48   60   72   84   96  108  120
# 13 |   13   26   39   52   65   78   91  104  117  130
# 14 |   14   28   42   56   70   84   98  112  126  140
# 15 |   15   30   45   60   75   90  105  120  135  150
# 
